precinct	Registered Voters	Ballots Cast	Voter Turnout
ALT001	155	131	0.85
BLF001	1201	968	0.81
BLF003	1285	994	0.77
BLF004	1108	887	0.80
BLF005	40	23	0.58
BLF006	1633	1219	0.75
BLF007	1103	871	0.79
BRT901	273	245	0.90
BRT902	3	3	1.00
CBL001	306	231	0.75
CBL002	217	176	0.81
CCN001	3	3	1.00
COP001	430	362	0.84
COT001	1007	871	0.86
COT003	593	486	0.82
COT004	934	772	0.83
COT007	346	289	0.84
COT008	605	511	0.84
COT009	574	475	0.83
COT011	774	693	0.90
COT012	900	729	0.81
COT013	713	596	0.84
COT014	377	338	0.90
COT015	541	458	0.85
COT016	694	605	0.87
COT017	556	468	0.84
COT018	597	506	0.85
COT019	566	511	0.90
COT020	671	585	0.87
COT021	671	572	0.85
COT022	745	645	0.87
COT023	669	612	0.91
COT024	556	504	0.91
COT025	547	481	0.88
COT026	517	447	0.86
COT027	602	504	0.84
COT028	490	412	0.84
COT029	667	563	0.84
COT030	470	376	0.80
COT031	430	367	0.85
COT033	757	664	0.88
COT034	895	789	0.88
COT036	821	722	0.88
COT037	542	484	0.89
COT038	42	38	0.90
COT039	92	76	0.83
DRP002	1318	1035	0.79
DRP003	1237	967	0.78
DRP004	1148	933	0.81
DRP006	714	577	0.81
DRP007	829	628	0.76
DRP008	410	350	0.85
DRP009	1082	837	0.77
DRP010	1065	855	0.80
DRP011	1121	885	0.79
DRP013	1103	912	0.83
DRP015	1164	964	0.83
DRP017	1058	875	0.83
DRP019	1089	903	0.83
DRP020	964	794	0.82
DRP024	1107	904	0.82
DRP025	1024	825	0.81
DRP027	1301	1022	0.79
DRP028	1008	763	0.76
DRP029	1060	874	0.82
DRP030	758	602	0.79
DRP031	1142	892	0.78
DRP032	167	119	0.71
EMG001	1069	967	0.90
FUR001	2	0	0.00
GNT001	156	132	0.85
GNT004	283	243	0.86
GNT006	244	215	0.88
GSL001	21	14	0.67
HER001	1714	1258	0.73
HER002	1249	947	0.76
HER003	111	60	0.54
HER004	807	650	0.81
HER005	1443	1094	0.76
HER006	680	516	0.76
HER007	497	363	0.73
HER008	714	563	0.79
HER009	630	484	0.77
HER010	774	614	0.79
HER011	313	257	0.82
HER012	1339	989	0.74
HER013	1332	1011	0.76
HER014	1330	1021	0.77
HER015	1524	1096	0.72
HER016	63	52	0.83
HER017	970	757	0.78
HER018	175	129	0.74
HER019	1459	1134	0.78
HER020	293	238	0.81
HER022	184	146	0.79
HER024	248	210	0.85
HER025	38	25	0.66
HOL001	826	723	0.88
HOL003	646	575	0.89
HOL004	464	419	0.90
HOL005	616	514	0.83
HOL006	772	673	0.87
HOL007	637	581	0.91
HOL008	653	577	0.88
HOL009	425	379	0.89
HOL010	699	630	0.90
HOL011	826	725	0.88
HOL012	598	540	0.90
HOL013	998	875	0.88
HOL015	601	538	0.90
HOL016	800	712	0.89
HOL017	290	259	0.89
HOL018	797	704	0.88
HOL019	959	836	0.87
HOL021	765	685	0.90
HOL022	424	371	0.88
HOL023	582	507	0.87
HOL024	800	711	0.89
HOL025	373	340	0.91
HOL026	485	411	0.85
HOL027	87	79	0.91
HOL028	965	829	0.86
HOL030	414	367	0.89
HOL031	354	322	0.91
HOL032	701	620	0.88
HOL033	592	516	0.87
HOL034	622	568	0.91
HOL035	609	550	0.90
KRN001	749	554	0.74
KRN002	200	130	0.65
KRN003	446	325	0.73
KRN004	875	653	0.75
KRN005	837	581	0.69
KRN006	861	652	0.76
KRN007	124	84	0.68
KRN008	397	285	0.72
KRN009	127	94	0.74
KRN010	580	404	0.70
KRN011	799	586	0.73
KRN012	307	225	0.73
KRN013	858	624	0.73
KRN014	60	33	0.55
KRN015	763	562	0.74
KRN016	738	522	0.71
KRN017	831	631	0.76
KRN018	703	529	0.75
KRN019	893	644	0.72
KRN020	302	217	0.72
KRN021	301	232	0.77
LTC001	33	26	0.79
LTC003	38	40	1.05
MAG001	788	585	0.74
MAG003	663	480	0.72
MAG004	485	374	0.77
MAG005	917	718	0.78
MAG006	553	406	0.73
MAG007	612	476	0.78
MAG009	912	690	0.76
MAG010	817	593	0.73
MAG011	828	645	0.78
MAG012	612	479	0.78
MAG013	410	327	0.80
MAG014	645	493	0.76
MAG015	625	468	0.75
MAG016	831	604	0.73
MAG901	10	8	0.80
MID001	1162	894	0.77
MID002	721	606	0.84
MID003	973	788	0.81
MID005	748	654	0.87
MID006	781	641	0.82
MID009	183	126	0.69
MID010	667	529	0.79
MID011	996	821	0.82
MID013	448	388	0.87
MID014	13	11	0.85
MID015	772	610	0.79
MID016	572	453	0.79
MID017	671	504	0.75
MID019	533	452	0.85
MID022	1038	852	0.82
MID024	916	736	0.80
MID025	374	283	0.76
MID027	357	319	0.89
MID028	526	435	0.83
MID029	459	398	0.87
MID030	381	309	0.81
MID032	0	0	0.00
MIL001	889	767	0.86
MIL002	941	824	0.88
MIL003	786	652	0.83
MIL004	998	875	0.88
MIL005	437	400	0.92
MIL006	694	596	0.86
MIL007	267	167	0.63
MIL008	263	198	0.75
MIL009	862	613	0.71
MIL010	541	424	0.78
MIL011	1007	849	0.84
MIL012	781	688	0.88
MIL013	726	589	0.81
MIL014	498	459	0.92
MIL015	911	788	0.87
MIL016	1023	858	0.84
MIL017	426	357	0.84
MIL018	1264	1086	0.86
MIL019	873	710	0.81
MIL020	662	590	0.89
MIL021	653	564	0.86
MIL022	826	724	0.88
MIL023	757	661	0.87
MIL024	724	667	0.92
MIL025	764	693	0.91
MIL026	728	630	0.87
MIL027	987	877	0.89
MIL028	750	681	0.91
MIL029	672	580	0.86
MIL030	577	525	0.91
MIL031	760	673	0.89
MIL032	946	858	0.91
MIL033	839	749	0.89
MIL034	791	692	0.87
MIL035	1004	893	0.89
MIL036	788	705	0.89
MIL037	620	547	0.88
MIL038	688	638	0.93
MIL039	778	714	0.92
MIL040	676	612	0.91
MIL041	490	453	0.92
MIL042	599	536	0.89
MIL043	854	771	0.90
MIL044	486	434	0.89
MIL045	618	559	0.90
MOL009	1	1	1.00
MUR001	18	12	0.67
MUR002	956	712	0.74
MUR003	257	211	0.82
MUR004	541	490	0.91
MUR005	683	554	0.81
MUR006	5	1	0.20
MUR007	564	489	0.87
MUR008	1044	862	0.83
MUR009	351	303	0.86
MUR010	47	39	0.83
MUR011	673	592	0.88
MUR012	774	666	0.86
MUR013	141	121	0.86
MUR014	541	484	0.89
MUR015	418	351	0.84
MUR016	536	467	0.87
MUR017	345	276	0.80
MUR018	846	732	0.87
MUR019	396	356	0.90
MUR020	771	650	0.84
MUR021	769	664	0.86
MUR022	73	67	0.92
MUR023	697	599	0.86
MUR024	574	492	0.86
MUR025	696	562	0.81
MUR027	1017	900	0.89
MUR029	944	841	0.89
MUR030	725	592	0.82
MUR031	785	656	0.84
MUR032	497	415	0.84
MUR033	426	355	0.83
MUR034	536	470	0.88
MUR035	568	474	0.83
MUR036	845	752	0.89
MUR037	685	573	0.84
MUR038	440	364	0.83
MUR039	759	678	0.89
MUR040	204	161	0.79
MUR041	481	432	0.90
MUR042	816	681	0.83
MUR043	905	797	0.88
MUR044	97	89	0.92
MUR045	16	12	0.75
MUR046	616	502	0.81
MUR047	376	303	0.81
MUR048	90	78	0.87
MUR049	618	553	0.89
MUR050	543	460	0.85
MUR051	39	35	0.90
MUR052	57	43	0.75
MUR053	19	14	0.74
NJC001	23	19	0.83
PCN001	10	7	0.70
RIV001	1236	985	0.80
RIV002	784	625	0.80
RIV003	1055	862	0.82
RIV004	925	751	0.81
RIV005	665	559	0.84
RIV006	74	55	0.74
RIV007	440	370	0.84
RIV008	1012	858	0.85
RIV009	788	633	0.80
RIV010	933	756	0.81
RIV011	286	236	0.83
RIV012	738	618	0.84
RIV013	453	324	0.72
RIV015	1187	984	0.83
RIV016	962	801	0.83
RIV017	837	712	0.85
RIV018	382	305	0.80
RIV019	804	664	0.83
RIV020	583	507	0.87
RIV021	881	664	0.75
RIV022	940	701	0.75
RIV023	729	583	0.80
RIV024	467	356	0.76
RIV025	1213	1006	0.83
RIV026	992	817	0.82
RIV027	656	537	0.82
RIV028	304	262	0.86
RIV029	582	477	0.82
RIV030	296	238	0.80
RIV031	553	460	0.83
SAN001	787	643	0.82
SAN002	212	174	0.82
SAN003	315	276	0.88
SAN004	546	447	0.82
SAN005	896	740	0.83
SAN006	442	305	0.69
SAN007	248	184	0.74
SAN009	1060	905	0.85
SAN010	223	196	0.88
SAN011	930	792	0.85
SAN012	706	583	0.83
SAN013	650	550	0.85
SAN014	653	563	0.86
SAN015	758	610	0.80
SAN016	267	238	0.89
SAN018	805	635	0.79
SAN019	501	429	0.86
SAN020	169	141	0.83
SAN021	395	336	0.85
SAN022	1007	896	0.89
SAN024	770	643	0.84
SAN026	684	566	0.83
SAN027	880	753	0.86
SAN029	694	611	0.88
SAN030	515	435	0.84
SAN031	606	539	0.89
SAN032	514	429	0.83
SAN033	951	837	0.88
SAN034	578	511	0.88
SAN035	483	389	0.81
SAN036	555	473	0.85
SAN038	930	794	0.85
SAN039	803	605	0.75
SAN040	298	232	0.78
SAN041	567	474	0.84
SAN042	698	567	0.81
SAN043	541	436	0.81
SAN044	886	708	0.80
SAN045	1157	965	0.83
SAN048	882	689	0.78
SAN049	903	729	0.81
SAN050	823	703	0.85
SAN051	790	676	0.86
SAN052	193	158	0.82
SAN053	813	686	0.84
SAN054	784	671	0.86
SAN055	640	570	0.89
SAN056	920	799	0.87
SAN057	1090	943	0.87
SAN058	935	779	0.83
SAN059	174	160	0.92
SAN060	861	759	0.88
SAN061	612	518	0.85
SAN062	583	425	0.73
SAN063	756	627	0.83
SAN064	585	464	0.79
SAN065	809	661	0.82
SAN066	685	546	0.80
SAN067	814	668	0.82
SAN068	308	255	0.83
SAN069	678	539	0.80
SAN071	483	399	0.83
SAN072	786	668	0.85
SAN073	782	649	0.83
SAN074	665	551	0.83
SAN075	725	584	0.81
SAN076	393	313	0.80
SAN077	558	486	0.87
SAN078	818	682	0.83
SAN079	977	829	0.85
SAN080	361	302	0.84
SAN081	882	767	0.87
SAN082	985	791	0.80
SAN084	829	682	0.82
SAN086	966	828	0.86
SAN087	822	701	0.85
SHL001	116	103	0.89
SHL002	436	371	0.85
SHL004	116	97	0.84
SHL005	145	119	0.82
SHL006	358	301	0.84
SIL001	10	6	0.60
SIL003	30	26	0.87
SIL009	99	75	0.76
SIL013	51	40	0.78
SJD001	1028	811	0.79
SJD002	40	35	0.88
SJD003	881	715	0.81
SJD004	863	712	0.83
SJD005	630	530	0.84
SJD006	1115	909	0.82
SJD007	478	409	0.86
SJD008	1199	939	0.78
SJD009	157	124	0.79
SJD010	802	647	0.81
SJD011	976	735	0.75
SJD012	1000	816	0.82
SJD013	920	790	0.86
SJD014	875	744	0.85
SJD015	758	633	0.84
SJD016	687	595	0.87
SJD017	1107	887	0.80
SJD018	598	521	0.87
SJD019	742	652	0.88
SJD020	118	88	0.75
SJD021	620	510	0.82
SJD022	1258	1049	0.83
SJD023	1041	821	0.79
SJD024	818	647	0.79
SJD025	769	627	0.82
SJD026	1097	885	0.81
SJD027	1248	1024	0.82
SJD028	840	630	0.75
SJD029	806	622	0.77
SJD030	1032	847	0.82
SJD031	983	799	0.81
SJD032	1279	925	0.72
SJD033	1333	1069	0.80
SJD034	740	583	0.79
SJD035	1014	879	0.87
SJD036	666	547	0.82
SJD037	439	386	0.88
SJD038	1034	854	0.83
SJD039	105	85	0.81
SJD040	945	776	0.82
SJD041	1003	857	0.85
SJD042	917	688	0.75
SJD045	457	396	0.87
SJD046	327	270	0.83
SJD047	782	629	0.80
SJD049	434	345	0.79
SJD050	363	317	0.87
SLC001	32	21	0.66
SLC002	603	438	0.73
SLC003	820	575	0.70
SLC004	534	381	0.71
SLC005	704	499	0.71
SLC006	505	338	0.67
SLC007	770	510	0.66
SLC008	207	168	0.81
SLC009	945	792	0.84
SLC010	232	152	0.66
SLC011	809	653	0.81
SLC012	958	781	0.82
SLC013	425	358	0.84
SLC014	502	438	0.87
SLC015	959	772	0.81
SLC017	341	257	0.75
SLC018	927	705	0.76
SLC019	1049	895	0.85
SLC020	1090	988	0.91
SLC021	646	570	0.88
SLC023	857	775	0.90
SLC025	951	885	0.93
SLC026	862	791	0.92
SLC027	711	649	0.91
SLC028	150	126	0.84
SLC029	695	629	0.91
SLC030	738	687	0.93
SLC031	629	581	0.92
SLC032	966	872	0.90
SLC033	778	680	0.87
SLC034	652	599	0.92
SLC035	952	853	0.90
SLC039	716	646	0.90
SLC040	511	463	0.91
SLC041	948	833	0.88
SLC042	628	585	0.93
SLC043	563	505	0.90
SLC045	1228	667	0.54
SLC048	1011	699	0.69
SLC049	780	529	0.68
SLC050	1155	853	0.74
SLC051	621	485	0.78
SLC052	1233	847	0.69
SLC054	1268	1072	0.85
SLC055	771	633	0.82
SLC057	1068	857	0.80
SLC059	1293	1094	0.85
SLC060	1118	942	0.84
SLC062	1051	879	0.84
SLC064	1341	1093	0.82
SLC065	860	762	0.89
SLC068	711	640	0.90
SLC069	203	181	0.89
SLC070	1085	970	0.89
SLC071	797	669	0.84
SLC072	1076	909	0.84
SLC073	23	22	0.96
SLC074	81	85	1.05
SLC076	816	729	0.89
SLC078	646	593	0.92
SLC080	1202	1026	0.85
SLC083	1006	736	0.73
SLC085	980	710	0.72
SLC086	894	630	0.70
SLC090	755	650	0.86
SLC091	575	423	0.74
SLC092	894	739	0.83
SLC093	818	699	0.85
SLC094	831	735	0.88
SLC097	1106	1001	0.91
SLC098	904	804	0.89
SLC099	647	568	0.88
SLC100	527	451	0.86
SLC101	621	575	0.93
SLC102	482	420	0.87
SLC103	938	874	0.93
SLC105	752	703	0.93
SLC106	288	264	0.92
SLC107	575	563	0.98
SLC108	708	659	0.93
SLC109	917	823	0.90
SLC110	838	744	0.89
SLC112	502	459	0.91
SLC114	1024	914	0.89
SLC115	785	662	0.84
SLC116	642	581	0.91
SLC117	655	581	0.89
SLC118	693	626	0.90
SLC119	815	774	0.95
SLC121	918	845	0.92
SLC123	702	631	0.90
SLC125	708	642	0.91
SLC128	930	815	0.88
SLC129	606	552	0.91
SLC130	772	690	0.89
SLC131	671	606	0.90
SLC132	916	778	0.85
SLC134	544	473	0.87
SLC135	661	571	0.86
SLC136	664	599	0.90
SLC137	715	642	0.90
SLC138	905	791	0.87
SLC140	639	568	0.89
SLC141	769	668	0.87
SLC142	713	646	0.91
SLC143	658	564	0.86
SLC144	674	615	0.91
SLC146	379	325	0.86
SLC147	909	794	0.87
SLC148	602	505	0.84
SLC149	927	821	0.89
SLC150	29	22	0.76
SLC151	949	827	0.87
SLC152	867	764	0.88
SLC155	866	762	0.88
SLC156	714	644	0.90
SLC158	567	526	0.93
SLC159	644	579	0.90
SLC160	940	851	0.91
SLC163	718	651	0.91
SLC164	660	612	0.93
SLC166	690	607	0.88
SLC167	862	745	0.86
SNB001	12	8	0.67
SSL001	220	197	0.90
SSL002	447	367	0.82
SSL003	72	49	0.68
SSL004	636	515	0.81
SSL005	637	538	0.84
SSL006	908	741	0.82
SSL007	1044	842	0.81
SSL008	540	463	0.86
SSL009	448	358	0.80
SSL010	657	502	0.76
SSL011	751	579	0.77
SSL012	326	246	0.75
SSL014	1234	1011	0.82
SWT001	535	428	0.80
SWT002	2	1	0.50
TAY001	1105	851	0.77
TAY002	688	554	0.81
TAY004	789	614	0.78
TAY007	826	659	0.80
TAY008	1158	908	0.78
TAY010	428	329	0.77
TAY011	859	639	0.74
TAY012	500	355	0.71
TAY013	378	294	0.78
TAY014	884	707	0.80
TAY015	840	665	0.79
TAY016	900	702	0.78
TAY017	652	547	0.84
TAY020	896	718	0.80
TAY021	784	633	0.81
TAY022	372	314	0.84
TAY023	640	528	0.83
TAY024	737	625	0.85
TAY025	561	484	0.86
TAY026	570	447	0.78
TAY027	716	544	0.76
TAY028	673	527	0.78
TAY029	39	24	0.62
TAY030	701	598	0.85
TAY031	649	505	0.78
TAY032	611	491	0.80
TAY033	568	448	0.79
TAY034	718	572	0.80
TAY035	895	737	0.82
TAY036	417	333	0.80
TAY037	653	501	0.77
TAY038	603	497	0.82
TAY039	722	595	0.82
TAY040	775	630	0.81
TAY041	620	518	0.84
TAY042	729	651	0.89
TAY043	735	619	0.84
TAY044	5	5	1.00
TAY045	538	443	0.82
WBN001	840	645	0.77
WBN002	24	20	0.83
WBN003	14	7	0.50
WBN004	4	0	0.00
WBN005	134	100	0.75
WCN001	442	375	0.85
WCR002	28	27	0.96
WCR003	55	50	0.91
WCR005	967	817	0.84
WHT001	606	510	0.84
WHT002	505	392	0.78
WHT003	589	478	0.81
WHT004	609	503	0.83
WHT005	539	443	0.82
WJD001	770	594	0.77
WJD002	0	0	0.00
WJD003	813	616	0.76
WJD004	146	103	0.71
WJD005	546	404	0.74
WJD006	179	129	0.72
WJD007	747	578	0.77
WJD008	558	427	0.77
WJD009	1003	763	0.76
WJD011	583	445	0.76
WJD012	963	801	0.83
WJD013	984	841	0.85
WJD014	0	0	0.00
WJD015	855	687	0.80
WJD017	1446	1058	0.73
WJD018	494	366	0.74
WJD019	227	174	0.77
WJD020	924	719	0.78
WJD021	794	617	0.78
WJD022	906	675	0.75
WJD023	748	595	0.80
WJD024	782	659	0.84
WJD025	851	686	0.81
WJD027	671	564	0.84
WJD028	829	634	0.76
WJD030	795	646	0.81
WJD031	1085	876	0.81
WJD032	954	728	0.76
WJD033	896	721	0.80
WJD034	940	764	0.81
WJD035	1031	765	0.74
WJD036	735	560	0.76
WJD037	940	706	0.75
WJD038	544	431	0.79
WJD039	1209	953	0.79
WJD040	849	656	0.77
WJD042	635	511	0.80
WJD043	291	249	0.86
WJD044	863	699	0.81
WJD045	761	609	0.80
WJD046	566	456	0.81
WJD047	1003	809	0.81
WJD048	620	455	0.73
WJD049	1060	857	0.81
WJD050	777	628	0.81
WJD051	195	164	0.84
WJD052	697	560	0.80
WJD053	688	503	0.73
WJD054	817	623	0.76
WJD055	742	600	0.81
WJD056	525	432	0.82
WJD057	1040	847	0.81
WJD059	720	592	0.82
WJD060	477	387	0.81
WJD061	35	29	0.83
WJD063	1037	856	0.83
WJD064	859	697	0.81
WJD065	676	549	0.81
WJD066	758	631	0.83
WJD067	10	8	0.80
WJD068	697	621	0.89
WJD069	1218	948	0.78
WJD070	347	294	0.85
WJD071	458	358	0.78
WJD074	398	324	0.81
WJD075	393	304	0.77
WJD080	875	718	0.82
WVC001	367	246	0.67
WVC002	1121	903	0.81
WVC003	746	564	0.76
WVC004	792	554	0.70
WVC005	226	175	0.77
WVC006	931	720	0.77
WVC007	480	372	0.78
WVC008	737	534	0.72
WVC009	532	431	0.81
WVC010	656	507	0.77
WVC011	600	482	0.80
WVC012	919	729	0.79
WVC013	555	425	0.77
WVC014	740	596	0.81
WVC015	999	742	0.74
WVC016	874	650	0.74
WVC017	399	309	0.77
WVC018	462	361	0.78
WVC019	650	504	0.78
WVC020	4	4	1.00
WVC021	676	459	0.68
WVC022	603	458	0.76
WVC023	455	308	0.68
WVC024	566	464	0.82
WVC025	656	497	0.76
WVC026	783	582	0.74
WVC027	523	396	0.76
WVC028	779	521	0.67
WVC029	397	274	0.69
WVC030	460	335	0.73
WVC031	230	147	0.64
WVC032	558	414	0.74
WVC033	649	499	0.77
WVC034	683	519	0.76
WVC035	537	383	0.71
WVC036	322	235	0.73
WVC037	769	560	0.73
WVC038	374	237	0.63
WVC039	1005	771	0.77
WVC040	158	116	0.73
WVC041	294	206	0.70
WVC042	609	446	0.73
WVC043	243	187	0.77
WVC044	612	441	0.72
WVC045	807	590	0.73
WVC046	973	689	0.71
WVC047	447	323	0.72
WVC049	736	497	0.68
WVC051	833	597	0.72
WVC052	789	609	0.77
WVC053	611	461	0.75
WVC054	834	582	0.70
WVC055	784	559	0.71
WVC056	286	200	0.70
WVC057	731	552	0.76
WVC058	677	555	0.82
WVC059	749	564	0.75
WVC060	688	523	0.76
WVC061	676	545	0.81
WVC062	569	436	0.77
WVC063	858	689	0.80
WVC065	419	327	0.78
WVC066	537	403	0.75
WVC067	549	418	0.76
WVC068	529	444	0.84
WVC070	577	458	0.79
WVC071	851	668	0.79
WVC072	906	703	0.78
WVC073	48	21	0.44
WVC074	278	227	0.82
WVC076	135	101	0.75
WVC077	451	351	0.78
WVC078	359	284	0.79
WVC079	449	350	0.78
Total:	517444	423948	0.82
